0.0855571725527189
0.07621475212162417
0.06900960834711167
0.06486693076557527
0.06310702551056668
0.06231379895932585
0.0616055010566179
0.061249714615636566
0.06100779245573222
0.06086932719883118
0.06076555404446593
0.06070825186721747
0.06066474857899133
0.06063979795739173
0.06062082392972783
0.060609888127523576
0.0606014671799301
0.06059657246817146
0.06059278836992925
0.06059057406368455
0.06058885276151543
0.060587839754590436
0.06058704802798781
0.060586578510332424
0.06058620836337237
0.0605859857265918
0.06058580673812639
0.0605856953738694
0.06058560134217154
0.06058553798748241
0.06058547851560462
0.060585432293113535
0.060585381710317555
0.06058533576339221
0.06058527861207611
0.06058522130895529
0.06058514512744012
0.06058506540799981
0.06058495655773667
0.060584840876449775
0.06058468135239026
0.06058451091342609
0.060584274994681116
0.06058402246564004
0.06058367238194876
0.06058329739098168
0.06058277718032436
0.06058221979975449
0.060581446316582854
0.060580617458534214
0.060579467073288824
0.06057823425323964
0.06057652311850026
0.060574689321201025
0.0605721440764284
0.06056941638214841
0.06056563068349653
0.06056157372604465
0.06055594381054574
0.06054991082110381
0.06054154015565381
0.06053257099778953
0.06052012954289082
0.06050680038062045
0.060488317666054905
0.06046852029734112
0.060441082939047194
0.060411703029689436
0.06037101641291831
0.06032746900848538
0.06026723057815329
0.060202799872247394
0.06011382148939696
0.06001874483177011
0.05988776387737216
0.05974800996969733
0.05955616610440263
0.059351912185910544
0.05907298569346944
0.05877695382935361
0.058375746608464285
0.05795191100428019
0.0573837257881347
0.056787580026021356
0.05600072032981222
0.05518336373371763
0.054127793913797725
0.0530472606529395
0.05169314252996304
0.0503363774316967
0.048703945016714933
0.04711890944377123
0.0453132204440759
0.043640195473959094
0.04187122427125037
0.040348793063653354
0.03890907260282325
0.037828394632123674
0.03701403903258009
0.03662141277908523
0.03662141277967902
0.037014039034248665
0.03782839463483604
0.038909072606349994
0.04034879306785908
0.04187122427586773
0.04364019547881968
0.045313220448960675
0.047118909448536556
0.04870394502123518
0.050336377435878106
0.051693142533773835
0.05304726065633195
0.05412779391680295
0.05518336373631853
0.05600072033206999
0.05678758002793621
0.057383725789774284
0.05795191100565107
0.05837574660962617
0.05877695383031406
0.05907298569427728
0.05935191218657383
0.05955616610495874
0.059748009970151957
0.05988776387775152
0.06001874483207871
0.06011382148965381
0.060202799872455456
0.06026723057832531
0.06032746900862386
0.06037101641303201
0.06041170302978005
0.060441082939121045
0.06046852029740002
0.06048831766610366
0.06050680038065904
0.06052012954292258
0.06053257099781515
0.06054154015567551
0.060549910821121516
0.06055594381056027
0.060561573726057014
0.06056563068350694
0.060569416382157
0.06057214407643539
0.060574689321207
0.060576523118505844
0.060578234253244434
0.06057946707329298
0.06058061745853738
0.060581446316585824
0.060582219799757205
0.060582777180326744
0.06058329739098354
0.06058367238195026
0.06058402246564172
0.060584274994682615
0.06058451091342701
0.06058468135239062
0.0605848408764494
0.060584956557736006
0.06058506540799902
0.060585145127439344
0.06058522130895461
0.060585278612074855
0.06058533576339087
0.060585381710316355
0.060585432293112314
0.06058547851560323
0.06058553798748054
0.060585601342169317
0.06058569537386674
0.06058580673812383
0.060585985726589936
0.060586208363370954
0.06058657851033088
0.06058704802798637
0.060587839754589895
0.06058885276151594
0.06059057406368551
0.06059278836993013
0.06059657246817238
0.06060146717993099
0.060609888127524006
0.060620823929727854
0.06063979795739208
0.06066474857899188
0.060708251867217705
0.06076555404446539
0.06086932719883066
0.06100779245573222
0.061249714615636615
0.061605501056617835
0.06231379895932596
0.06310702551056725
0.06486693076557573
0.06900960834711173
0.0762147521216241
0.08555717255271944