0.08296844680541605
0.07336031291264576
0.06596294796701106
0.061698107907711755
0.05985171760706499
0.05898476868378519
0.058220688357712116
0.0578255991063171
0.057552107690181355
0.057391451010123926
0.057270009216366435
0.05720066288001641
0.057147467374555394
0.05711601074736938
0.05709179707340601
0.05707738437100663
0.05706615715723363
0.05705941619329498
0.05705413928426096
0.05705094815810366
0.05704843465004681
0.05704690416906486
0.05704568992360252
0.057044942902217816
0.057044342395212735
0.057043965194114706
0.057043652774343964
0.0570434469499595
0.05704326464380065
0.057043132310621615
0.057043000341313856
0.057042890188525076
0.057042764425328185
0.05704264567707146
0.057042496712236025
0.05704234593841593
0.05704214803086466
0.05704194170374079
0.057041665956556506
0.05704137526796936
0.057040984184298385
0.057040570262014895
0.057040012038997646
0.05703942037514692
0.057038621749069957
0.05703777484604259
0.05703663134623113
0.05703541849588526
0.05703378074238523
0.057032043553837404
0.05702969778178903
0.057027209563985076
0.05702384985275892
0.057020286199227006
0.05701547486142809
0.057010371700598125
0.057003482843679926
0.05699617670185286
0.05698631597985602
0.056975859120969224
0.05696174999159513
0.056946790302067424
0.05692661355397242
0.056905225418866036
0.05687639429595755
0.05684584229448623
0.056804690480165176
0.056761102933810544
0.05670245795792146
0.05664038351336451
0.05655699637058094
0.05646881711262776
0.056350625740523366
0.056225811745463164
0.05605904301826945
0.05588326941616193
0.05564945263420752
0.05540368552930769
0.05507879456693605
0.05473862470607216
0.054292831958575774
0.05382864107678995
0.05322758854140697
0.052606593364553325
0.0518156140279212
0.051007344902228614
0.05000041078419121
0.04898733574803691
0.04776194543841951
0.046555847830115085
0.04515250075948841
0.04381371960226561
0.04233349959879214
0.040984256292789234
0.039592345471607816
0.038410608540895855
0.037313024267327105
0.036496790323853334
0.03588822828640165
0.035595868342611046
0.03559586834285884
0.035888228287102475
0.03649679032500085
0.03731302426883548
0.03841060854271876
0.03959234547364214
0.04098425629497218
0.042333499601031645
0.04381371960450209
0.04515250076166039
0.04655584783217776
0.0477619454403461
0.04898733574979994
0.050000410785791996
0.05100734490365353
0.05181561402918819
0.05260659336565818
0.05322758854237497
0.05382864107762143
0.0542928319592961
0.054738624706684336
0.05507879456746307
0.05540368552975275
0.055649452634588994
0.05588326941648237
0.05605904301854263
0.05622581174569142
0.05635062574071798
0.056468817112790615
0.056556996370719884
0.056640383513479865
0.05670245795801907
0.05676110293389151
0.0568046904802341
0.05684584229454338
0.05687639429600563
0.05690522541890572
0.05692661355400591
0.056946790302094874
0.05696174999161793
0.056975859120988515
0.05698631597987214
0.056996176701866214
0.0570034828436909
0.05701037170060717
0.05701547486143569
0.05702028619923269
0.05702384985276344
0.05702720956398847
0.05702969778179211
0.05703204355384009
0.057033780742387935
0.057035418495887724
0.057036631346233
0.05703777484604369
0.05703862174907057
0.05703942037514764
0.05704001203899835
0.05704057026201503
0.05704098418429788
0.0570413752679688
0.05704166595655611
0.05704194170374016
0.05704214803086383
0.057042345938415534
0.05704249671223656
0.0570426456770725
0.057042764425329434
0.05704289018852683
0.05704300034131616
0.05704313231062411
0.0570432646438025
0.05704344694996061
0.05704365277434449
0.05704396519411491
0.057044342395212985
0.05704494290221833
0.05704568992360324
0.05704690416906512
0.05704843465004644
0.05705094815810342
0.0570541392842613
0.057059416193295714
0.05706615715723452
0.05707738437100722
0.05709179707340639
0.057116010747369286
0.05714746737455466
0.05720066288001544
0.05727000921636549
0.057391451010123676
0.057552107690181514
0.05782559910631728
0.058220688357712304
0.05898476868378527
0.059851717607064765
0.06169810790771122
0.06596294796701072
0.0733603129126458
0.08296844680541621