0.0858906541998768
0.07626274002897485
0.06895861913488638
0.0648798882767439
0.06311662785692138
0.06231201628732844
0.06160559113136705
0.061250685677757724
0.061008017945616756
0.06086940104076018
0.060765635800499124
0.06070827413933097
0.060664726325931985
0.06063975711169432
0.06062076497357272
0.06060981547088441
0.060601384199591025
0.0605964817197933
0.06059269145863104
0.06059047241337382
0.060588748021508335
0.060587732850762945
0.06058694083569261
0.0605864718300053
0.06058610458995828
0.06058588569901084
0.060585713693820584
0.06058561031635476
0.0605855287950633
0.06058547924960639
0.060585440045898276
0.060585415858986524
0.06058539667046986
0.060585384604619666
0.06058537503051743
0.060585368882697235
0.06058536403277444
0.06058536086816849
0.06058535842030177
0.06058535683426126
0.06058535567376888
0.06058535498679045
0.0605853545750904
0.06058535445886415
0.06058535453959955
0.060585354842613515
0.06058535530406163
0.06058535596940266
0.060585356778987666
0.06058535780437817
0.060585358976078675
0.06058536039287911
0.060585361969297716
0.060585363829714196
0.060585365870416685
0.06058536823805771
0.06058537081047691
0.06058537375222382
0.06058537692362515
0.060585380502117245
0.06058538433219621
0.06058538859886728
0.06058539313302763
0.060585398121906026
0.06058540338545994
0.06058540910801752
0.06058541510159603
0.06058542154294079
0.06058542823936556
0.06058543535597197
0.06058544269873126
0.06058545041780916
0.060585458321197536
0.060585466541699315
0.0605854748925584
0.06058548348770165
0.06058549214859408
0.06058550096969071
0.060585509783272776
0.06058551866459738
0.06058552745888641
0.06058553622325894
0.060585544817479214
0.06058555328224936
0.06058556149293002
0.060585569476041504
0.06058557712307086
0.060585584448939064
0.060585591361323556
0.06058559786629956
0.06058560388742316
0.06058560942467248
0.06058561441691371
0.06058561886060576
0.060585622709224365
0.06058562595796494
0.06058562857420853
0.06058563055369587
0.06058563187711994
0.06058563254202768
0.06058563254202899
0.06058563187712414
0.060585630553702266
0.06058562857421751
0.060585625957976515
0.060585622709239007
0.060585618860623566
0.06058561441693382
0.060585609424695194
0.06058560388744816
0.060585597866327376
0.06058559136135344
0.06058558444897087
0.0605855771231041
0.06058556947607622
0.060585561492966324
0.06058555328228669
0.0605855448175176
0.06058553622329716
0.060585527458924385
0.0605855186646347
0.060585509783309566
0.06058550096972693
0.06058549214862918
0.060585483487736014
0.060585474892592306
0.06058546654173258
0.06058545832122975
0.06058545041784006
0.06058544269876112
0.06058543535600059
0.06058542823939249
0.06058542154296574
0.06058541510161828
0.06058540910803677
0.060585403385476945
0.06058539812192182
0.06058539313304218
0.06058538859887991
0.060585384332206116
0.060585380502125065
0.060585376923631695
0.06058537375222969
0.06058537081048253
0.06058536823806252
0.06058536587042057
0.06058536382971675
0.06058536196929929
0.0605853603928796
0.0605853589760774
0.06058535780437531
0.0605853567789834
0.060585355969397625
0.06058535530405568
0.060585354842607166
0.06058535453959324
0.06058535445885761
0.06058535457508363
0.06058535498678415
0.06058535567376376
0.060585356834256365
0.06058535842029623
0.06058536086816236
0.06058536403276865
0.06058536888269224
0.06058537503051316
0.06058538460461625
0.060585396670466765
0.0605854158589832
0.060585440045894674
0.06058547924960277
0.06058552879506011
0.06058561031635207
0.06058571369381816
0.060585885699008774
0.060586104589956516
0.060586471830004
0.060586940835691695
0.06058773285076205
0.06058874802150749
0.060590472413373044
0.060592691458630256
0.060596481719792275
0.060601384199589436
0.06060981547088271
0.06062076497357134
0.06063975711169331
0.06066472632593104
0.060708274139330144
0.06076563580049879
0.06086940104076034
0.061008017945616895
0.06125068567775769
0.06160559113136699
0.062312016287328555
0.06311662785692158
0.0648798882767439
0.06895861913488632
0.07626274002897482
0.08589065419987695