0.08327980154336008
0.07340511077034673
0.06591535447756369
0.061710221419043546
0.059860748575073716
0.058983179657358276
0.05822085166955704
0.057826570378754286
0.0575523721832754
0.05739157108511351
0.05727013499379387
0.05720073164033311
0.05714749505690911
0.05711602295315502
0.05709179562023843
0.05707737419202806
0.05706614292499722
0.05705940091050504
0.05705412622164387
0.05705093918599985
0.05704843357440168
0.0570469124184827
0.057045712271516925
0.05704498077468329
0.05704440215324036
0.0570440485070032
0.05704376836494078
0.05704359696094228
0.057043461230978684
0.05704337836029144
0.057043312965664825
0.05704327338219856
0.057043242438647876
0.057043224128461384
0.05704321011938261
0.057043202281173225
0.0570431965815634
0.057043193861466335
0.05704319217984488
0.057043191891060586
0.057043192066232914
0.05704319284257423
0.05704319377459634
0.057043194916320816
0.05704319604605799
0.05704319720089127
0.057043198255443746
0.05704319926189431
0.05704320012869552
0.05704320093754837
0.05704320160030342
0.057043202233317866
0.05704320273724568
0.05704320326315546
0.057043203693775205
0.057043204212063416
0.057043204680056886
0.05704320530811813
0.05704320593691453
0.057043206798786696
0.057043207713547824
0.057043208929630496
0.057043210247308476
0.057043211925108916
0.05704321374569358
0.05704321597184915
0.05704321837108548
0.05704322120499182
0.05704322422885244
0.05704322769815001
0.05704323135927306
0.057043235457359016
0.05704323973354537
0.05704324441913483
0.05704324925386637
0.0570432544525078
0.05704325975733722
0.05704326536467251
0.05704327102322802
0.057043276909703636
0.05704328278298176
0.05704328879965627
0.05704329473223896
0.05704330071731521
0.057043306544132456
0.057043312329843034
0.057043317883122724
0.05704332330261764
0.05704332841868966
0.05704333331263822
0.057043337838334186
0.05704334206098981
0.05704334585940295
0.05704334928394855
0.05704335223940663
0.057043354762446465
0.057043356784576484
0.057043358329690465
0.05704335935651198
0.05704335987681722
0.057043359876818224
0.057043359356515014
0.05704335832969582
0.057043356784584054
0.05704335476245602
0.0570433522394178
0.05704334928396141
0.05704334585941726
0.05704334206100503
0.05704333783835073
0.05704333331265597
0.057043328418708586
0.057043323302637075
0.05704331788314304
0.057043312329864634
0.05704330654415457
0.057043300717336994
0.057043294732260365
0.057043288799678106
0.05704328278300427
0.05704327690972649
0.05704327102325102
0.05704326536469553
0.05704325975735972
0.05704325445252942
0.05704324925388715
0.057043244419154704
0.057043239733564316
0.05704323545737691
0.057043231359289716
0.05704322769816478
0.05704322422886547
0.057043221205003436
0.05704321837109545
0.05704321597185714
0.057043213745699206
0.05704321192511304
0.05704321024731174
0.05704320892963258
0.05704320771354894
0.05704320679878684
0.05704320593691435
0.057043205308117274
0.057043204680054256
0.05704320421205944
0.057043203693769556
0.057043203263148726
0.05704320273723738
0.057043202233308485
0.05704320160029381
0.057043200937538355
0.05704320012868561
0.05704319926188385
0.057043198255433164
0.05704319720087989
0.05704319604604617
0.05704319491630936
0.05704319377458498
0.0570431928425629
0.057043192066221174
0.05704319189104953
0.05704319217983475
0.05704319386145724
0.057043196581555336
0.057043202281165974
0.05704321011937552
0.057043224128454306
0.05704324243864088
0.05704327338219152
0.0570433129656579
0.057043378360284815
0.05704346123097301
0.05704359696093721
0.057043768364936215
0.05704404850699974
0.057044402153238374
0.057044980774682896
0.057045712271517425
0.057046912418483475
0.057048433574402264
0.05705093918599975
0.05705412622164323
0.05705940091050431
0.05706614292499686
0.05707737419202823
0.05709179562023892
0.05711602295315566
0.05714749505690954
0.05720073164033326
0.05727013499379402
0.05739157108511373
0.05755237218327539
0.057826570378754064
0.05822085166955688
0.058983179657358234
0.059860748575073515
0.06171022141904314
0.0659153544775635
0.07340511077034673
0.08327980154335997