0.08831840988259718
0.0807742198546895
0.07489163410226586
0.07138344743538208
0.06982702462160273
0.06917971662600748
0.06876836447056597
0.06854210494398451
0.06840607833762097
0.06833297032735618
0.06828681661391445
0.06826105009798639
0.06824463583169062
0.06823537862495739
0.06822940959091742
0.06822600558350472
0.06822379426927572
0.06822252390538643
0.06822169354456031
0.06822121354999178
0.06822089813931562
0.06822071472938658
0.06822059344238796
0.06822052227838271
0.06822047459702696
0.0682204459663
0.06822042600720318
0.06822041313262939
0.06822040305842744
0.06822039531546795
0.0682203878013547
0.06822038054637627
0.06822037204539701
0.06822036263646136
0.06822035066506499
0.06822033676900266
0.06822031864335823
0.06822029732339815
0.06822026932982152
0.06822023628948762
0.06822019283306381
0.06822014149711389
0.06822007394810606
0.06821999413329362
0.06821988909973734
0.06821976498692296
0.06821960165461267
0.06821940865088927
0.06821915465764472
0.06821885452357185
0.06821845954889795
0.06821799282549218
0.06821737862726696
0.06821665286564388
0.06821569779609626
0.06821456926709579
0.06821308421639062
0.06821132949966498
0.06820902054039663
0.06820629242072335
0.06820270284803043
0.06819846191797217
0.06819288243333968
0.06818629118195746
0.06817762098325736
0.06816738018346533
0.06815391277893568
0.0681380096685343
0.06811710418731959
0.06809242712237527
0.06806000765564221
0.06802176177262031
0.06797156372080429
0.06791239758789563
0.06783485447065453
0.06774358506338106
0.06762423473906577
0.06748405764296661
0.06730137940584255
0.06708752515049873
0.06681028364758358
0.06648734560027349
0.0660719865084739
0.06559182002726704
0.06498151857008774
0.06428400554831416
0.06341288346279983
0.06243410706442783
0.06124257916745804
0.05993709316749342
0.05840494175679402
0.056787057968268974
0.0549839460784328
0.05318043378898172
0.05131338399611699
0.04959456655325956
0.0480063891177073
0.046744419446864374
0.04582002403995209
0.04535327073748026
0.04535326969190549
0.045820021041564934
0.04674441466669377
0.04800638294877939
0.04959455935959922
0.0513133762388972
0.05318042584005872
0.05498393828882776
0.056787050592816975
0.0584049349654609
0.059937087075315594
0.0612425737925229
0.06243410242174847
0.06341287948579064
0.06428400220235539
0.06498151576107444
0.06559181770626712
0.06607198458625661
0.0664873440312728
0.0668102823598935
0.06708752410795664
0.06730137855533586
0.06748405695807741
0.06762423418252844
0.06774358461679925
0.06783485410869702
0.06791239729812101
0.06797156348633367
0.06802176158519065
0.06806000750414837
0.06809242700139292
0.068117104089602
0.0681380095905469
0.06815391271597382
0.06816738013323659
0.06817762094271809
0.06818629114962554
0.06819288240725001
0.06819846189716783
0.06820270283124485
0.06820629240733991
0.06820902052959935
0.06821132949105668
0.06821308420944601
0.06821456926155951
0.06821569779163025
0.06821665286208346
0.06821737862439475
0.0682179928232023
0.0682184595470508
0.06821885452209944
0.06821915465645698
0.0682194086499423
0.06821960165384865
0.0682197649863139
0.06821988909924592
0.06821999413290167
0.0682200739477897
0.06822014149686152
0.06822019283285993
0.06822023628932472
0.06822026932969003
0.06822029732329335
0.06822031864327371
0.0682203367689355
0.06822035066501121
0.06822036263641895
0.06822037204536303
0.06822038054634935
0.06822038780133302
0.06822039531545056
0.06822040305841322
0.06822041313261779
0.06822042600719352
0.06822044596629191
0.0682204745970203
0.06822052227837735
0.06822059344238349
0.06822071472938279
0.06822089813931242
0.06822121354998938
0.0682216935445586
0.06822252390538522
0.06822379426927479
0.06822600558350383
0.06822940959091646
0.06823537862495634
0.06824463583168947
0.06826105009798533
0.06828681661391363
0.06833297032735566
0.06840607833762061
0.06854210494398416
0.06876836447056583
0.06917971662600748
0.06982702462160265
0.07138344743538184
0.07489163410226568
0.08077421985468938
0.08831840988259687