0.08555717255271988
0.07621475212162335
0.06900960834711146
0.06486693076557594
0.06310702551056625
0.06231379895932436
0.06160550105661731
0.06124971461563709
0.06100779245573229
0.06086932719883026
0.06076555404446569
0.060708251867218156
0.06066474857899211
0.06063979795739225
0.06062082392972802
0.060609888127523416
0.060601467179929105
0.06059657246817002
0.06059278836992786
0.06059057406368393
0.060588852761515405
0.0605878397545903
0.0605870480279879
0.06058657851033246
0.06058620836337253
0.06058598572659135
0.06058580673812512
0.06058569537386799
0.06058560134216968
0.060585537987480655
0.0605854785156035
0.06058543229311295
0.06058538171031725
0.06058533576339163
0.06058527861207566
0.06058522130895533
0.060585145127440176
0.060585065407999496
0.060584956557735936
0.06058484087644904
0.06058468135239037
0.06058451091342693
0.06058427499468223
0.06058402246564104
0.06058367238194945
0.06058329739098235
0.06058277718032488
0.06058221979975434
0.06058144631658181
0.060580617458532604
0.060579467073287464
0.060578234253238536
0.06057652311849887
0.06057468932119897
0.06057214407642596
0.06056941638214623
0.06056563068349409
0.06056157372604175
0.06055594381054217
0.06054991082110007
0.06054154015564998
0.060532570997784765
0.060520129542885104
0.060506800380613665
0.060488317666047314
0.06046852029733255
0.06044108293903753
0.06041170302967913
0.06037101641290674
0.060327469008472315
0.06026723057813791
0.06020279987222975
0.060113821489376384
0.06001874483174659
0.05988776387734438
0.05974800996966451
0.0595561661043626
0.05935191218586304
0.05907298569341235
0.05877695382928666
0.05837574660838464
0.057951911004186875
0.05738372578802352
0.05678758002589163
0.05600072032965992
0.05518336373354269
0.05412779391359572
0.053047260652711425
0.05169314252970632
0.05033637743141476
0.048703945016409934
0.04711890944345003
0.04531322044374694
0.043640195473631765
0.04187122427093965
0.040348793063370136
0.03890907260258565
0.03782839463194094
0.0370140390324677
0.03662141277904517
0.036621412779718004
0.03701403903435997
0.037828394635017665
0.03890907260658642
0.040348793068141105
0.041871224276177295
0.043640195479146
0.045313220449288795
0.047118909448856994
0.04870394502153933
0.05033637743615911
0.05169314253402966
0.053047260656559014
0.0541277939170038
0.055183363736492255
0.0560007203322211
0.056787580028064534
0.05738372578988393
0.05795191100574304
0.05837574660970456
0.05877695383037987
0.05907298569433334
0.059351912186620254
0.0595561661049976
0.059748009970183674
0.059887763877778555
0.06001874483210147
0.060113821489673626
0.060202799872472436
0.060267230578340075
0.06032746900863656
0.060371016413043474
0.060411703029790376
0.06044108293913032
0.060468520297407916
0.06048831766611046
0.06050680038066521
0.06052012954292825
0.06053257099782001
0.06054154015567945
0.06054991082112526
0.06055594381056412
0.060561573726060566
0.06056563068351006
0.06056941638215963
0.06057214407643794
0.060574689321209255
0.060576523118508065
0.06057823425324639
0.06057946707329433
0.06058061745853835
0.060581446316586476
0.06058221979975793
0.06058277718032732
0.060583297390984045
0.060583672381950726
0.06058402246564194
0.06058427499468316
0.06058451091342798
0.0605846813523919
0.060584840876450954
0.06058495655773781
0.06058506540800125
0.06058514512744155
0.0605852213089567
0.06058527861207716
0.06058533576339309
0.06058538171031848
0.060585432293114264
0.060585478515605064
0.06058553798748232
0.06058560134217102
0.060585695373868355
0.06058580673812493
0.060585985726590554
0.06058620836337178
0.060586578510332056
0.06058704802798763
0.06058783975459049
0.06058885276151572
0.06059057406368471
0.06059278836992885
0.060596572468171135
0.06060146717993023
0.06060988812752406
0.06062082392972824
0.06063979795739201
0.06066474857899172
0.06070825186721782
0.060765554044465625
0.060869327198830626
0.06100779245573255
0.061249714615637274
0.06160550105661776
0.06231379895932494
0.06310702551056646
0.06486693076557559
0.06900960834711124
0.07621475212162333
0.08555717255271965