0.06663456043147091
0.05565768880678751
0.04743874790817852
0.04275295634329627
0.040557378460124846
0.039291540709885546
0.03823978301391967
0.03760813905600857
0.03713730677086333
0.03681826480538164
0.03656629063263302
0.036394983705982
0.03625617259948411
0.03615877927998926
0.036078605019359375
0.036021229379354265
0.03597300601033717
0.03593770136851011
0.0359073167402367
0.035884413052431015
0.03586404783243792
0.03584808393131873
0.03583325897785801
0.035821046556515884
0.035809101382806865
0.0357987095517732
0.035787999380222715
0.03577820409564262
0.03576765682395042
0.03575763261127813
0.03574649715746188
0.03573563920123944
0.03572333829972607
0.03571115673967676
0.03569719812515536
0.03568325310292346
0.03566717389526914
0.035651033924764125
0.03563236411114325
0.035613577916803515
0.035591814905689426
0.035569891090320854
0.03554448074675638
0.03551887207446748
0.03548919365630785
0.035459284186616945
0.03542463783767656
0.035389732069656885
0.035349328346272954
0.03530864217681516
0.03526159369392188
0.035214247507325276
0.03515956330899281
0.03510457798288647
0.03504116174179425
0.034977458828085624
0.03490411249789985
0.03483052034257937
0.03474595543950357
0.0346612235431632
0.03456408280274711
0.034466907267617246
0.0343557999595399
0.03424486335433535
0.03411841794434839
0.03399244723168762
0.033849385200961625
0.03370723133938758
0.03354646558538218
0.033387207798526296
0.03320796786362968
0.03303104406574986
0.032833028150303804
0.03263839031436097
0.03242194033912395
0.03221022943646075
0.031976520180794096
0.031749249650506114
0.03150047637115165
0.03126020620635667
0.0309997478022348
0.030750224147167604
0.030482752194708793
0.030228981392906605
0.029960481212790227
0.029708704714653346
0.02944637543294314
0.02920391529079403
0.02895592382918729
0.028730879627741547
0.02850595982922046
0.028306757305542836
0.028113669086030912
0.027948486505508036
0.027795377535051985
0.027671503513703028
0.027565241623316507
0.027488440854042277
0.027434002194275615
0.027407976436071804
0.027407976436080346
0.02743400219430018
0.027488440854083397
0.027565241623372642
0.027671503513774016
0.027795377535136463
0.02794848650560622
0.028113669086141147
0.02830675730566411
0.028505959829350436
0.028730879627879582
0.028955923829332063
0.029203915290944404
0.02944637543309735
0.029708704714810463
0.02996048121294883
0.030228981393066116
0.030482752194868085
0.030750224147325783
0.030999747802391044
0.031260206206509766
0.03150047637130131
0.03174924965065193
0.031976520180935636
0.03221022943659722
0.03242194033925469
0.03263839031448583
0.03283302815042347
0.033031044065863546
0.03320796786373736
0.0333872077986276
0.03354646558547802
0.033707231339478186
0.03384938520104744
0.03399244723176823
0.03411841794442425
0.034244863354406026
0.03435579995960607
0.03446690726767895
0.03456408280280469
0.034661223543217025
0.034745955439554235
0.034830520342626764
0.03490411249794413
0.034977458828126425
0.03504116174183201
0.035104577982921145
0.03515956330902487
0.03521424750735489
0.035261593693949114
0.035308642176840314
0.035349328346296206
0.03538973206967823
0.03542463783769587
0.0354592841866343
0.035489193656324095
0.035518872074482774
0.035544480746771384
0.035569891090334836
0.03559181490570203
0.03561357791681469
0.03563236411115339
0.03565103392477377
0.03566717389527837
0.035683253102931994
0.035697198125162956
0.03571115673968338
0.0357233382997321
0.03573563920124498
0.03574649715746698
0.03575763261128293
0.035767656823954996
0.035778204095646915
0.03578799938022678
0.03579870955177711
0.03580910138281071
0.03582104655651944
0.03583325897786118
0.0358480839313215
0.035864047832440266
0.03588441305243325
0.03590731674023871
0.03593770136851181
0.0359730060103386
0.0360212293793554
0.03607860501936032
0.036158779279989825
0.03625617259948453
0.036394983705982424
0.03656629063263335
0.03681826480538204
0.037137306770863944
0.03760813905600925
0.038239783013920114
0.039291540709885726
0.04055737846012508
0.042752956343296435
0.04743874790817823
0.055657688806787065
0.06663456043147097