0.1669171537354757
0.1612244802799268
0.15694059104552244
0.154680668402187
0.15403569332307254
0.15396188247116038
0.15386329029730675
0.15382037538453502
0.15380630410712395
0.15380295544119021
0.15380030065091857
0.15379932935750548
0.1537989294976226
0.15379880855621475
0.15379873386320822
0.15379870821749886
0.15379869591633732
0.15379869173067462
0.15379868931530633
0.15379868830278698
0.15379868769002797
0.1537986872768126
0.1537986869671702
0.15379868665586838
0.15379868640837008
0.15379868612674266
0.15379868590815848
0.15379868565403196
0.1537986854710417
0.15379868525739976
0.15379868512592182
0.1537986849707731
0.15379868491076898
0.1537986848353842
0.15379868486979392
0.15379868489820442
0.15379868505247077
0.15379868521102671
0.1537986855125432
0.1537986858293044
0.15379868630665341
0.15379868681053405
0.1537986874924558
0.15379868821208287
0.15379868912614217
0.15379869008840358
0.1537986912593407
0.15379869248760678
0.15379869393537798
0.15379869544743952
0.15379869718500466
0.15379869899076742
0.1537987010216858
0.15379870312072913
0.15379870543668372
0.15379870781578314
0.1537987103941148
0.15379871302480114
0.15379871582599178
0.1537987186619484
0.15379872162635078
0.15379872459944846
0.153798727640175
0.15379873065022498
0.15379873363070537
0.15379873651104714
0.15379873916638556
0.15379874156209764
0.15379874322100356
0.15379874415876463
0.15379874276667954
0.15379873914642306
0.15379872785139648
0.15379870918048702
0.15379866443332424
0.15379859448310954
0.15379843461635107
0.15379818759440203
0.15379762876775505
0.15379676741626058
0.15379482310858555
0.15379182810992725
0.15378507290048563
0.1537746724857
0.1537512387530327
0.1537151912166941
0.1536341569086374
0.1535097496539907
0.15323163434298426
0.1528064063223823
0.15187009890998904
0.1504543835264503
0.14746437456553946
0.1430643252606511
0.13479288183327512
0.1235862358620054
0.107141475240763
0.08949607703049378
0.07249850989685108
0.06271797871932444
0.06271797865899893
0.0724985097426844
0.08949607682974614
0.10714147504834189
0.1235862357087395
0.1347928817263814
0.1430643251943906
0.14746437452518402
0.15045438350439078
0.15187009889711628
0.152806406315674
0.15323163433913106
0.15350974965201503
0.15363415690750784
0.15371519121611715
0.1537512387527026
0.15377467248553117
0.15378507290038995
0.15379182810987946
0.15379482310855935
0.15379676741624804
0.15379762876774875
0.15379818759439995
0.1537984346163518
0.1537985944831129
0.15379866443332893
0.15379870918049213
0.15379872785140106
0.15379873914642755
0.15379874276668404
0.15379874415876923
0.15379874322100842
0.15379874156210316
0.15379873916639175
0.15379873651105327
0.1537987336307111
0.1537987306502298
0.15379872764017902
0.15379872459945199
0.153798721626354
0.15379871866195163
0.15379871582599525
0.15379871302480508
0.15379871039411958
0.15379870781578808
0.1537987054366875
0.15379870312073216
0.15379870102168822
0.15379869899076906
0.15379869718500513
0.15379869544743896
0.15379869393537704
0.15379869248760453
0.15379869125933762
0.15379869008840097
0.15379868912614025
0.1537986882120804
0.15379868749245248
0.15379868681053088
0.1537986863066509
0.15379868582930237
0.15379868551254178
0.15379868521102624
0.15379868505247138
0.15379868489820614
0.15379868486979645
0.15379868483538667
0.15379868491077112
0.15379868497077553
0.15379868512592457
0.15379868525740276
0.15379868547104505
0.15379868565403582
0.15379868590816273
0.15379868612674646
0.1537986864083738
0.15379868665587226
0.15379868696717425
0.15379868727681673
0.1537986876900321
0.1537986883027912
0.15379868931531004
0.1537986917306776
0.15379869591634
0.15379870821750197
0.15379873386321197
0.15379880855621883
0.15379892949762652
0.1537993293575091
0.15380030065092162
0.1538029554411924
0.15380630410712523
0.15382037538453586
0.15386329029730755
0.153961882471161
0.15403569332307265
0.1546806684021868
0.1569405910455221
0.16122448027992575
0.16691715373547308