0.06463869529356965
0.05503696014948535
0.04783148953539254
0.04376659346517015
0.041931460496726226
0.040923987872950734
0.04003427705369359
0.03955498868066826
0.03919193148260301
0.038958468254688156
0.038774433009152925
0.038659085543481145
0.038564474599732085
0.038503265031636535
0.03845295573396576
0.03841989181148514
0.038392274754982914
0.03837388638832523
0.03835831751551494
0.03834776025363321
0.03833864290621217
0.038332295549637393
0.03832663397446759
0.03832252118394285
0.038318661225967485
0.03831567515617923
0.038312671876199536
0.03831016491875287
0.038307450707893605
0.03830501933080936
0.038302224479162185
0.03829959057270253
0.03829644335373849
0.03829338677412072
0.03828965532009515
0.03828597344132213
0.038281429588365404
0.03827691090102861
0.03827130523793103
0.03826570984979991
0.03825875193142532
0.03825179487179184
0.03824313505214703
0.03823446989630678
0.03822368055988182
0.038212881746572086
0.038199436421855415
0.03818597909321969
0.038169228317693045
0.0381524647681579
0.03813160781385062
0.038110739814786625
0.0380847915949972
0.03805883805839886
0.038026590818799666
0.037994350563649894
0.03795433042092662
0.03791434031379881
0.03786475947418198
0.037815249064957424
0.03775395580546048
0.037692800946252866
0.03761723139345056
0.03754191143789519
0.037449050095857736
0.0373566163870358
0.037242976519217166
0.03713004423927685
0.03699168478955287
0.0368544659979923
0.036687068671301906
0.0365214713105817
0.03632050907001737
0.0361223339923647
0.03588336885373664
0.03564864244920988
0.035367792709640314
0.03509327263481109
0.03476788210749687
0.034451761928860944
0.03408127905200529
0.033724086724619025
0.033311112179405425
0.03291674039087096
0.03246812496288291
0.032044847734622725
0.031572625606209145
0.031133858098125015
0.030655710877725634
0.030220191392008378
0.029759101020993207
0.029350167822396647
0.02893298585182161
0.028576739496044973
0.028231609064418232
0.027954012296139988
0.02770690442618365
0.02753022560412305
0.027401196889966506
0.027340522854830317
0.027340522854961455
0.027401196890339433
0.027530225604746418
0.027706904427027272
0.02795401229720295
0.028231609065663597
0.02857673949746238
0.028932985853371347
0.029350167824062374
0.029759101022738134
0.030220191393813163
0.030655710879558727
0.031133858099967333
0.03157262560803765
0.03204484773641983
0.03246812496463284
0.032916740392559124
0.03331111218102573
0.03372408672615948
0.03408127905346584
0.03445176193023221
0.03476788210878421
0.03509327263600744
0.03536779271075428
0.03564864245023701
0.035883368854686515
0.03612233399323404
0.036320509070817034
0.0365214713113097
0.03668706867196826
0.036854465998595674
0.03699168479010341
0.03713004423977402
0.037242976519670026
0.037356616387443545
0.037449050096228495
0.037541911438227916
0.03761723139375208
0.03769280094652307
0.03775395580570494
0.03781524906517661
0.037864759474380366
0.03791434031397618
0.037954330421087104
0.037994350563793286
0.03802659081892935
0.03805883805851422
0.03808479159510082
0.03811073981487904
0.03813160781393379
0.038152464768232475
0.03816922831776036
0.03818597909327968
0.03819943642190936
0.03821288174662025
0.03822368055992546
0.038234469896345505
0.038243135052181826
0.03825179487182241
0.03825875193145249
0.03826570984982329
0.03827130523795222
0.038276910901047574
0.0382814295883827
0.038285973441337814
0.038289655320109056
0.038293386774133686
0.03829644335375036
0.03829959057271342
0.038302224479172024
0.038305019330817924
0.038307450707901515
0.03831016491875977
0.03831267187620523
0.03831567515618377
0.038318661225971246
0.03832252118394608
0.038326633974470316
0.03833229554963981
0.038338642906214575
0.038347760253635815
0.03835831751551763
0.03837388638832793
0.038392274754985876
0.038419891811487666
0.03845295573396787
0.038503265031637764
0.03856447459973294
0.038659085543481776
0.03877443300915305
0.038958468254688405
0.03919193148260389
0.039554988680669624
0.04003427705369456
0.04092398787295124
0.04193146049672691
0.043766593465170825
0.0478314895353924
0.05503696014948502
0.0646386952935704